362 
362 
362 
362 
362 
362 
362 
362 
362 
362 
333 
333 
333 
333 
333 
333 
333 
333 
333 
333 
376 
376 
376 
376 
376 
376 
376 
376 
376 
376 
373 
373 
373 
373 
373 
373 
373 
373 
373 
373 
367 
367 
367 
367 
367 
367 
367 
367 
367 
367 
376 
376 
376 
376 
376 
376 
376 
376 
376 
376 
356 
356 
356 
356 
356 
356 
356 
356 
356 
356 
385 
385 
385 
385 
385 
385 
385 
385 
385 
385 
385 
385 
385 
385 
385 
385 
385 
385 
385 
385 
378 
378 
378 
378 
378 
378 
378 
378 
378 
378 
374 
374 
374 
374 
374 
374 
374 
374 
374 
374 
396 
396 
396 
396 
396 
396 
396 
396 
396 
396 
372 
372 
372 
372 
372 
372 
372 
372 
372 
372 
389 
389 
389 
389 
389 
389 
389 
389 
389 
389 
380 
380 
380 
380 
380 
380 
380 
380 
380 
380 
363 
363 
363 
363 
363 
363 
363 
363 
363 
363 
380 
380 
380 
380 
380 
380 
380 
380 
380 
380 
367 
367 
367 
367 
367 
367 
367 
367 
367 
367 
375 
375 
375 
375 
375 
375 
375 
375 
375 
375 
373 
373 
373 
373 
373 
373 
373 
373 
373 
373 
373 
373 
373 
373 
373 
373 
373 
373 
373 
373 
373 
373 
373 
373 
373 
373 
373 
373 
373 
373 
391 
391 
391 
391 
391 
391 
391 
391 
391 
391 
372 
372 
372 
372 
372 
372 
372 
372 
372 
372 
376 
376 
376 
376 
376 
376 
376 
376 
376 
376 
373 
373 
373 
373 
373 
373 
373 
373 
373 
373 
379 
379 
379 
379 
379 
379 
379 
379 
379 
379 
359 
359 
359 
359 
359 
359 
359 
359 
359 
359 
370 
370 
370 
370 
370 
370 
370 
370 
370 
370 
382 
382 
382 
382 
382 
382 
382 
382 
382 
382 
366 
366 
366 
366 
366 
366 
366 
366 
366 
366 
378 
378 
378 
378 
378 
378 
378 
378 
378 
378 
365 
365 
365 
365 
365 
365 
365 
365 
365 
365 
345 
345 
345 
345 
345 
345 
345 
345 
345 
345 
379 
379 
379 
379 
379 
379 
379 
379 
379 
379 
376 
376 
376 
376 
376 
376 
376 
376 
376 
376 
368 
368 
368 
368 
368 
368 
368 
368 
368 
368 
378 
378 
378 
378 
378 
378 
378 
378 
378 
378 
362 
362 
362 
362 
362 
362 
362 
362 
362 
362 
387 
387 
387 
387 
387 
387 
387 
387 
387 
387 
373 
373 
373 
373 
373 
373 
373 
373 
373 
373 
845 
845 
845 
845 
845 
845 
845 
845 
845 
845 
839 
839 
839 
839 
839 
839 
839 
839 
839 
839 
834 
834 
834 
834 
834 
834 
834 
834 
834 
834 
854 
854 
854 
854 
854 
854 
854 
854 
854 
854 
836 
836 
836 
836 
836 
836 
836 
836 
836 
836 
823 
823 
823 
823 
823 
823 
823 
823 
823 
823 
801 
801 
801 
801 
801 
801 
801 
801 
801 
801 
819 
819 
819 
819 
819 
819 
819 
819 
819 
819 
819 
819 
819 
864 
864 
864 
864 
864 
864 
864 
864 
864 
864 
835 
835 
835 
835 
835 
835 
835 
835 
835 
835 
846 
846 
846 
846 
846 
846 
846 
846 
846 
846 
862 
862 
862 
862 
862 
862 
862 
862 
862 
862 
834 
834 
834 
834 
834 
834 
834 
834 
834 
834 
853 
853 
853 
853 
853 
853 
853 
853 
853 
853 
853 
853 
853 
853 
853 
853 
853 
853 
853 
853 
808 
808 
808 
808 
808 
808 
808 
808 
808 
808 
850 
850 
850 
850 
850 
850 
850 
850 
850 
850 
857 
857 
857 
857 
857 
857 
857 
857 
857 
857 
839 
839 
839 
839 
839 
839 
839 
839 
839 
839 
841 
841 
841 
841 
841 
841 
841 
841 
841 
841 
829 
829 
829 
829 
829 
829 
829 
829 
829 
829 
842 
842 
842 
842 
842 
842 
842 
842 
842 
842 
820 
820 
820 
820 
820 
820 
820 
820 
820 
820 
823 
823 
823 
823 
823 
823 
823 
823 
823 
823 
857 
857 
857 
857 
857 
857 
857 
857 
857 
857 
809 
809 
809 
809 
809 
809 
809 
809 
809 
809 
840 
840 
840 
840 
840 
840 
840 
840 
840 
840 
833 
833 
833 
833 
833 
833 
833 
833 
833 
833 
833 
833 
833 
833 
833 
833 
833 
833 
833 
833 
850 
850 
850 
850 
850 
850 
850 
850 
850 
850 
833 
833 
833 
833 
833 
833 
833 
833 
833 
833 
834 
834 
834 
834 
834 
834 
834 
834 
834 
834 
849 
849 
849 
849 
849 
849 
849 
849 
849 
849 
857 
857 
857 
857 
857 
857 
857 
857 
857 
857 
836 
836 
836 
836 
836 
836 
836 
836 
836 
836 
839 
839 
839 
839 
839 
839 
839 
839 
839 
839 
842 
842 
842 
842 
842 
842 
842 
842 
842 
842 
863 
863 
863 
863 
863 
863 
863 
863 
863 
863 
826 
826 
826 
826 
826 
826 
826 
826 
826 
826 
868 
868 
868 
868 
868 
868 
868 
868 
868 
868 
843 
843 
843 
843 
843 
843 
843 
843 
843 
843 
853 
853 
853 
853 
853 
853 
853 
853 
853 
853 
811 
811 
811 
811 
811 
811 
811 
811 
811 
811 
848 
848 
848 
848 
848 
848 
848 
848 
848 
848 
828 
828 
828 
828 
828 
828 
828 
828 
828 
828 
857 
857 
857 
857 
857 
857 
857 
857 
857 
857 
856 
856 
856 
856 
856 
856 
856 
856 
856 
856 
872 
872 
872 
872 
872 
872 
872 
872 
872 
872 
850 
850 
850 
850 
850 
850 
850 
850 
850 
850 
849 
849 
849 
849 
849 
849 
849 
849 
849 
849 
869 
869 
869 
869 
869 
869 
869 
869 
869 
869 
867 
867 
867 
867 
867 
867 
867 
867 
867 
867 
875 
875 
875 
875 
875 
875 
875 
875 
875 
875 
868 
868 
868 
868 
868 
868 
868 
868 
868 
868 
865 
865 
865 
865 
865 
865 
865 
865 
865 
865 
875 
875 
875 
875 
875 
875 
875 
875 
875 
875 
892 
892 
892 
892 
892 
892 
892 
892 
892 
892 
877 
877 
877 
877 
877 
877 
877 
877 
877 
877 
858 
858 
858 
858 
858 
858 
858 
858 
858 
858 
846 
846 
846 
846 
846 
846 
846 
846 
846 
846 
870 
870 
870 
870 
870 
870 
870 
870 
870 
870 
847 
847 
847 
847 
847 
847 
847 
847 
847 
847 
746 
746 
746 
746 
746 
746 
746 
746 
746 
746 
862 
862 
862 
862 
862 
862 
862 
862 
862 
862 
886 
886 
886 
886 
886 
886 
886 
886 
886 
886 
855 
855 
855 
855 
855 
855 
855 
855 
855 
855 
882 
882 
882 
882 
882 
882 
882 
882 
882 
882 
875 
875 
875 
875 
875 
875 
875 
875 
875 
875 
861 
861 
861 
861 
861 
861 
861 
861 
861 
861 
874 
874 
874 
874 
874 
874 
874 
874 
874 
874 
860 
860 
860 
860 
860 
860 
860 
860 
860 
860 
868 
868 
868 
868 
868 
868 
868 
868 
868 
868 
875 
875 
875 
875 
875 
875 
875 
875 
875 
875 
855 
855 
855 
855 
855 
855 
855 
855 
855 
855 
877 
877 
877 
877 
877 
877 
877 
877 
877 
877 
865 
865 
865 
865 
865 
865 
865 
865 
865 
865 
897 
897 
897 
897 
897 
897 
897 
897 
897 
897 
887 
887 
887 
887 
887 
887 
887 
887 
887 
887 
869 
869 
869 
869 
869 
869 
869 
869 
869 
869 
862 
862 
862 
862 
862 
862 
862 
862 
862 
862 
861 
861 
861 
861 
861 
861 
861 
861 
861 
861 
876 
876 
876 
876 
876 
876 
876 
876 
876 
876 
860 
860 
860 
860 
860 
860 
860 
860 
860 
860 
867 
867 
867 
867 
867 
867 
867 
867 
867 
867 
867 
867 
867 
867 
867 
867 
867 
867 
867 
867 
861 
861 
861 
861 
861 
861 
861 
861 
861 
861 
870 
870 
870 
870 
870 
870 
870 
870 
870 
870 
868 
868 
868 
868 
868 
868 
868 
868 
868 
868 
887 
887 
887 
887 
887 
887 
887 
887 
887 
887 
869 
869 
869 
869 
869 
869 
869 
869 
869 
869 
866 
866 
866 
866 
866 
866 
866 
866 
866 
866 
879 
879 
879 
879 
879 
879 
879 
879 
879 
879 
890 
890 
890 
890 
890 
890 
890 
890 
890 
890 
864 
864 
864 
864 
864 
864 
864 
864 
864 
864 
844 
844 
844 
844 
844 
844 
844 
844 
844 
844 
854 
854 
854 
854 
854 
854 
854 
854 
854 
854 
857 
857 
857 
857 
857 
857 
857 
857 
857 
857 
865 
865 
865 
865 
865 
865 
865 
865 
865 
865 
836 
836 
836 
836 
836 
836 
836 
836 
836 
836 
875 
875 
875 
875 
875 
875 
875 
875 
875 
875 
865 
865 
865 
865 
865 
865 
865 
865 
865 
865 
864 
864 
864 
864 
864 
864 
864 
864 
864 
864 
857 
857 
857 
857 
857 
857 
857 
857 
857 
857 
870 
870 
870 
870 
870 
870 
870 
870 
870 
870 
869 
869 
869 
869 
869 
869 
869 
869 
869 
869 
877 
877 
877 
877 
877 
877 
877 
877 
877 
877 
874 
874 
874 
874 
874 
874 
874 
874 
874 
874 
873 
873 
873 
873 
873 
873 
873 
873 
873 
873 
905 
905 
905 
905 
905 
905 
905 
905 
905 
905 
868 
868 
868 
868 
868 
868 
868 
868 
868 
868 
852 
852 
852 
852 
852 
852 
852 
852 
852 
852 
868 
868 
868 
868 
868 
868 
868 
868 
868 
868 
871 
871 
871 
871 
871 
871 
871 
871 
871 
871 
871 
871 
871 
871 
871 
871 
871 
871 
871 
871 
853 
853 
853 
853 
853 
853 
853 
853 
853 
853 
879 
879 
879 
879 
879 
879 
879 
879 
879 
879 
849 
849 
849 
849 
849 
849 
849 
849 
849 
849 
863 
863 
863 
863 
863 
863 
863 
863 
863 
863 
873 
873 
873 
873 
873 
873 
873 
873 
873 
873 
868 
868 
868 
868 
868 
868 
868 
868 
868 
868 
859 
859 
859 
859 
859 
859 
859 
859 
859 
859 
854 
854 
854 
854 
854 
854 
854 
854 
854 
854 
844 
844 
844 
844 
844 
844 
844 
844 
844 
844 
868 
868 
868 
868 
868 
868 
868 
868 
868 
868 
871 
871 
871 
871 
871 
871 
871 
871 
871 
871 
847 
847 
847 
847 
847 
847 
847 
847 
847 
847 
794 
794 
794 
794 
794 
794 
794 
794 
794 
794 
803 
803 
803 
803 
803 
803 
803 
803 
803 
803 
766 
766 
766 
766 
766 
766 
766 
766 
766 
766 
766 
766 
766 
766 
766 
766 
766 
766 
766 
766 
823 
823 
823 
823 
823 
823 
823 
823 
823 
823 
826 
826 
826 
826 
826 
826 
826 
826 
826 
826 
797 
797 
797 
797 
797 
797 
797 
797 
797 
797 
770 
770 
770 
770 
770 
770 
770 
770 
770 
770 
825 
825 
825 
825 
825 
825 
825 
825 
825 
825 
816 
816 
816 
816 
816 
816 
816 
816 
816 
816 
796 
796 
796 
796 
796 
796 
796 
796 
796 
796 
741 
741 
741 
741 
741 
741 
741 
741 
741 
741 
822 
822 
822 
822 
822 
822 
822 
822 
822 
822 
820 
820 
820 
820 
820 
820 
820 
820 
820 
820 
802 
802 
802 
802 
802 
802 
802 
802 
802 
802 
817 
817 
817 
817 
817 
817 
817 
817 
817 
817 
785 
785 
785 
785 
785 
785 
785 
785 
785 
785 
806 
806 
806 
806 
806 
806 
806 
806 
806 
806 
787 
787 
787 
787 
787 
787 
787 
787 
787 
787 
788 
788 
788 
788 
788 
788 
788 
788 
788 
788 
806 
806 
806 
806 
806 
806 
806 
806 
806 
806 
820 
820 
820 
820 
820 
820 
820 
820 
820 
820 
798 
798 
798 
798 
798 
798 
798 
798 
798 
798 
724 
724 
724 
724 
724 
724 
724 
724 
724 
724 
833 
833 
833 
833 
833 
833 
833 
833 
833 
833 
767 
767 
767 
767 
767 
767 
767 
767 
767 
767 
838 
838 
838 
838 
838 
838 
838 
838 
838 
838 
807 
807 
807 
807 
807 
807 
807 
807 
807 
807 
816 
816 
816 
816 
816 
816 
816 
816 
816 
816 
839 
839 
839 
839 
839 
839 
839 
839 
839 
839 
781 
781 
781 
781 
781 
781 
781 
781 
781 
781 
802 
802 
802 
802 
802 
802 
802 
802 
802 
802 
811 
811 
811 
811 
811 
811 
811 
811 
811 
811 
817 
817 
817 
817 
817 
817 
817 
817 
817 
817 
778 
778 
778 
778 
778 
778 
778 
778 
778 
778 
793 
793 
793 
793 
793 
793 
793 
793 
793 
793 
791 
791 
791 
791 
791 
791 
791 
791 
791 
791 
725 
725 
725 
725 
725 
725 
725 
725 
725 
725 
827 
827 
827 
827 
827 
827 
827 
827 
827 
827 
786 
786 
786 
786 
786 
786 
786 
786 
786 
786 
778 
778 
778 
778 
778 
778 
778 
778 
778 
778 
791 
791 
791 
791 
791 
791 
791 
791 
791 
791 
803 
803 
803 
803 
803 
803 
803 
803 
803 
803 
800 
800 
800 
800 
800 
800 
800 
800 
800 
800 
791 
791 
791 
791 
791 
791 
791 
791 
791 
791 
831 
831 
831 
831 
831 
831 
831 
831 
831 
831 
788 
788 
788 
788 
788 
788 
788 
788 
788 
788 
822 
822 
822 
822 
822 
822 
822 
822 
822 
822 
784 
784 
784 
784 
784 
784 
784 
784 
784 
784 
800 
800 
800 
800 
800 
800 
800 
800 
800 
800 
863 
863 
863 
863 
863 
863 
863 
863 
863 
863 
884 
884 
884 
884 
884 
884 
884 
884 
884 
884 
862 
862 
862 
862 
862 
862 
862 
862 
862 
862 
912 
912 
912 
912 
912 
912 
912 
912 
912 
912 
910 
910 
910 
910 
910 
910 
910 
910 
910 
910 
867 
867 
867 
867 
867 
867 
867 
867 
867 
867 
867 
867 
867 
867 
867 
867 
867 
867 
867 
867 
897 
897 
897 
897 
897 
897 
897 
897 
897 
897 
469 
469 
469 
469 
469 
469 
469 
469 
469 
469 
490 
490 
490 
490 
490 
490 
490 
490 
490 
490 
810 
810 
810 
810 
810 
810 
810 
810 
810 
810 
471 
471 
471 
471 
471 
471 
471 
471 
471 
471 
475 
475 
475 
475 
475 
475 
475 
475 
475 
475 
471 
471 
471 
471 
471 
471 
471 
471 
471 
471 
482 
482 
482 
482 
482 
482 
482 
482 
482 
482 
886 
886 
886 
886 
886 
886 
886 
886 
886 
886 
885 
885 
885 
885 
885 
885 
885 
885 
885 
885 
916 
916 
916 
916 
916 
916 
916 
916 
916 
916 
881 
881 
881 
881 
881 
881 
881 
881 
881 
881 
870 
870 
870 
870 
870 
870 
870 
870 
870 
870 
450 
450 
450 
450 
450 
450 
450 
450 
450 
450 
858 
858 
858 
858 
858 
858 
858 
858 
858 
858 
914 
914 
914 
914 
914 
914 
914 
914 
914 
914 
866 
866 
866 
866 
866 
866 
866 
866 
866 
866 
851 
851 
851 
851 
851 
851 
851 
851 
851 
851 
783 
783 
783 
783 
783 
783 
783 
783 
783 
783 
888 
888 
888 
888 
888 
888 
888 
888 
888 
888 
888 
888 
888 
888 
888 
888 
888 
888 
888 
888 
857 
857 
857 
857 
857 
857 
857 
857 
857 
857 
854 
854 
854 
854 
854 
854 
854 
854 
854 
854 
874 
874 
874 
874 
874 
874 
874 
874 
874 
874 
897 
897 
897 
897 
897 
897 
897 
897 
897 
897 
848 
848 
848 
848 
848 
848 
848 
848 
848 
848 
828 
828 
828 
828 
828 
828 
828 
828 
828 
828 
904 
904 
904 
904 
904 
904 
904 
904 
904 
904 
878 
878 
878 
878 
878 
878 
878 
878 
878 
878 
886 
886 
886 
886 
886 
886 
886 
886 
886 
886 
841 
841 
841 
841 
841 
841 
841 
841 
841 
841 
829 
829 
829 
829 
829 
829 
829 
829 
829 
829 
894 
894 
894 
894 
894 
894 
894 
894 
894 
894 
904 
904 
904 
904 
904 
904 
904 
904 
904 
904 
902 
902 
902 
902 
902 
902 
902 
902 
902 
902 
857 
857 
857 
857 
857 
857 
857 
857 
857 
857 
912 
912 
912 
912 
912 
912 
912 
912 
912 
912 
832 
832 
832 
832 
832 
832 
832 
832 
832 
832 
873 
873 
873 
873 
873 
873 
873 
873 
873 
873 
850 
850 
850 
850 
850 
850 
850 
850 
850 
850 
691 
691 
691 
691 
691 
691 
691 
691 
691 
691 
362 
362 
362 
362 
362 
362 
362 
362 
362 
362 
