1 9 
3 5 
4 5 
7 4 
8 1 
9 1 
9 3 
11 5 
12 1 
13 1 
14 3 
14 7 
15 2 
17 6 
19 8 
20 1 
21 5 
22 10 
23 4 
23 7 
24 10 
26 8 
27 4 
28 10 
29 4 
29 5 
30 5 
31 2 
31 6 
31 8 
33 7 
35 6 
36 5 
36 10 
37 7 
38 8 
38 10 
39 1 
39 2 
39 5 
40 3 
41 5 
43 9 
43 10 
44 3 
45 3 
47 2 
47 6 
47 10 
48 2 
48 3 
50 5 
50 9 
51 6 
53 8 
53 9 
54 8 
57 4 
57 10 
58 3 
60 6 
64 10 
65 4 
68 5 
70 8 
71 8 
74 2 
74 7 
77 5 
77 9 
79 9 
80 1 
81 4 
82 2 
82 3 
83 6 
84 10 
85 9 
86 3 
86 5 
86 9 
87 10 
89 2 
91 8 
91 10 
92 6 
94 7 
95 5 
95 6 
96 2 
96 7 
97 1 
99 3 
99 10 
100 3 
100 5 
104 4 
104 10 
105 5 
106 1 
111 2 
112 6 
113 10 
114 8 
116 9 
118 3 
119 5 
121 3 
122 2 
122 10 
123 10 
124 3 
124 4 
127 6 
127 9 
129 7 
130 6 
130 7 
131 7 
132 6 
132 10 
133 1 
133 8 
134 5 
134 10 
135 5 
137 1 
137 4 
137 8 
138 10 
143 2 
144 7 
144 8 
148 8 
148 10 
149 2 
149 9 
153 7 
153 9 
155 8 
159 2 
159 4 
161 9 
162 8 
163 4 
163 6 
164 7 
165 7 
167 10 
168 9 
169 2 
170 10 
171 8 
172 5 
172 8 
173 4 
174 7 
176 2 
177 7 
177 8 
178 4 
179 6 
179 7 
180 3 
180 8 
181 10 
182 5 
182 6 
183 10 
184 8 
185 9 
186 1 
186 7 
187 6 
188 8 
190 3 
190 10 
194 2 
194 3 
195 3 
198 5 
198 9 
199 9 
201 3 
201 8 
203 3 
203 7 
203 8 
204 1 
206 3 
210 10 
213 4 
214 4 
215 1 
215 8 
219 5 
221 5 
221 8 
222 1 
222 2 
222 4 
223 8 
224 10 
225 4 
226 2 
227 10 
228 5 
230 1 
231 9 
234 2 
235 4 
238 2 
238 5 
239 3 
240 7 
241 1 
241 6 
246 7 
246 10 
248 1 
248 5 
250 10 
252 4 
252 7 
253 8 
256 4 
261 10 
264 7 
265 4 
265 6 
266 8 
269 3 
270 3 
271 6 
273 3 
274 8 
276 8 
277 4 
277 7 
278 10 
279 6 
280 6 
281 1 
283 8 
285 4 
289 7 
291 9 
293 5 
293 7 
295 2 
296 4 
296 10 
300 1 
301 4 
302 1 
303 7 
308 4 
308 8 
309 9 
314 7 
317 1 
318 1 
318 8 
320 9 
322 4 
322 9 
324 9 
325 1 
326 4 
327 2 
328 6 
328 10 
331 10 
333 2 
333 10 
335 2 
336 1 
338 8 
339 3 
340 2 
340 4 
342 6 
343 4 
344 2 
345 10 
346 4 
346 5 
346 8 
348 5 
348 9 
350 3 
350 9 
351 1 
353 2 
354 6 
354 9 
357 3 
358 1 
359 6 
361 2 
362 4 
363 7 
364 1 
365 2 
365 4 
366 5 
367 1 
367 10 
368 5 
369 3 
371 10 
372 6 
373 5 
373 7 
374 1 
375 1 
376 2 
376 7 
380 4 
380 9 
381 2 
382 4 
383 1 
383 4 
384 2 
384 8 
385 8 
386 9 
388 1 
388 8 
389 9 
389 10 
390 2 
390 8 
393 4 
394 3 
396 9 
397 5 
398 7 
399 2 
399 7 
400 4 
400 6 
401 10 
402 3 
402 4 
403 10 
404 2 
404 6 
405 7 
409 3 
410 8 
411 7 
412 2 
412 8 
412 9 
413 1 
414 10 
416 2 
418 7 
419 9 
421 4 
421 6 
422 1 
422 9 
424 8 
425 1 
425 6 
427 6 
429 1 
431 3 
432 3 
432 10 
433 1 
433 7 
435 2 
436 1 
436 3 
437 9 
439 3 
439 5 
440 10 
441 6 
442 6 
442 7 
445 2 
445 7 
446 5 
446 6 
446 7 
447 3 
447 9 
448 1 
449 7 
450 10 
452 8 
453 9 
454 6 
457 5 
462 7 
466 1 
466 4 
466 6 
469 7 
470 7 
471 5 
472 7 
473 5 
474 4 
474 6 
476 9 
478 2 
479 3 
482 6 
483 5 
485 8 
487 1 
488 8 
490 6 
490 7 
490 10 
492 5 
492 10 
494 9 
496 5 
496 9 
496 10 
497 4 
498 3 
499 6 
501 8 
502 4 
503 2 
504 8 
1 9 
